6 3
2 5 2 6 1 4 3 0
2 1 4 3 5 6 2 0
30 4 3 0
82 6 2 5 0
1 4 2 3 0
4 4 5 1 2 3 6 0
2 5 1 4 2 6 3 0
1 6 2 3 0
1 5 2 6 1 0
2 6 4 2 1 3 5 0
4 6 5 3 0
1 6 2 5 1 3 0
8 5 6 1 3 2 4 0
1 4 5 1 2 6 3 0
5 6 5 4 1 2 3 0
6 5 1 4 6 3 2 0
1 1 4 2 6 3 5 0
6 2 6 5 1 0
1 5 4 3 1 2 6 0
2 1 5 2 0
4 1 5 6 4 0
1 4 5 2 3 1 6 0
2 5 2 1 6 0
1 4 5 2 6 0
6 4 1 5 3 0
3 5 3 4 0
1 5 2 3 6 1 4 0
4 6 5 2 4 1 3 0
1 1 6 4 5 3 2 0
46 4 6 1 0
1 5 6 4 1 3 0
1 6 2 4 5 1 3 0
5 2 6 4 0
2 2 6 3 5 4 1 0
1 5 4 6 1 3 0
20 4 6 0
1 3 5 4 1 6 2 0
2 4 6 3 1 5 2 0
2 5 1 4 3 6 2 0
4 6 5 1 2 3 4 0
1 2 4 6 1 5 0
1 6 2 4 5 3 1 0
65 5 6 1 0
10 4 1 6 3 5 2 0
1 2 6 5 4 0
1 6 4 5 2 3 1 0
1 4 3 6 5 1 2 0
20 4 1 6 5 3 2 0
1 4 3 5 1 2 6 0
201 2 5 6 0
1 4 6 5 2 0
1 5 6 2 4 1 3 0
9 4 1 3 5 0
1 1 3 6 5 4 2 0
1 3 4 5 6 1 2 0
9 6 1 4 0
2 5 3 6 0
3 4 6 2 0
2 5 4 3 6 2 1 0
1 4 2 6 1 5 3 0
1 1 2 3 4 5 6 0
2 4 1 6 2 5 3 0
2 3 5 4 0
6 5 4 6 1 0
2 4 5 6 3 0
2 1 3 4 0
15 4 1 5 6 2 3 0
6 4 1 5 3 6 0
5 5 4 1 3 6 2 0
2 4 5 1 6 3 0
1 3 2 1 4 5 6 0
1 2 1 6 5 3 4 0
1 3 4 6 5 2 1 0
1 6 1 5 2 0
1 6 2 3 4 1 5 0
3 5 6 3 2 1 4 0
2 1 5 3 0
1 5 6 4 2 3 1 0
1 5 6 1 3 0
30 5 2 0
9 3 4 0
1 1 6 4 5 2 3 0
1 2 6 5 3 0
1 6 1 2 5 3 4 0
11 4 5 6 1 2 3 0
1 4 5 3 1 0
1 4 2 5 1 3 6 0
2 2 1 5 6 3 4 0
1 5 4 1 2 6 3 0
1 3 5 1 6 4 2 0
8 1 6 5 0
10 1 4 5 6 3 2 0
2 3 6 5 0
1 3 4 1 6 5 0
28 4 1 6 5 0
11 4 5 3 1 6 2 0
25 4 1 5 3 6 2 0
6 3 2 0
21 1 0
9 5 4 6 1 3 2 0
11 2 6 1 0
4 4 2 6 0
2 6 4 1 5 2 3 0
1 5 4 2 3 0
1 5 3 1 4 6 2 0
15 2 6 5 1 3 4 0
1 4 6 2 3 5 1 0
3 4 6 1 5 3 2 0
21 4 5 1 6 3 2 0
1 4 6 3 1 2 5 0
1 3 2 5 6 4 1 0
6 2 4 0
1 5 1 6 4 3 0
1 5 1 3 6 4 2 0
1 1 4 5 3 6 0
40 4 6 5 0
1 6 1 5 4 0
100 4 5 6 0
1 1 4 6 5 2 3 0
1 4 3 2 0
6 5 3 2 0
5 5 6 4 1 2 3 0
3 4 5 6 3 2 1 0
1 5 6 3 1 2 4 0
4 4 5 3 6 1 2 0
13 1 4 5 6 0
1 1 5 4 3 2 6 0
8 5 6 4 1 3 2 0
4 5 6 1 4 0
2 5 1 3 4 6 2 0
23 4 5 3 0
1 5 2 4 6 3 1 0
23 6 4 5 0
4 1 6 5 4 0
1 1 5 6 3 2 4 0
79 5 4 0
5 6 5 1 4 0
2 5 4 1 3 2 6 0
1 4 2 6 1 3 5 0
3 5 6 1 2 0
114 2 6 0
34 4 1 3 6 5 2 0
22 2 5 6 3 1 4 0
1 2 4 6 3 1 5 0
3 5 4 2 1 6 3 0
2 3 5 6 0
1 4 6 2 1 3 5 0
4 5 6 2 4 3 1 0
2 5 3 4 6 1 2 0
3 6 2 4 1 5 3 0
1 1 5 3 4 2 6 0
6 6 4 2 0
3 6 1 4 5 2 3 0
1 4 1 3 5 2 6 0
1 2 1 3 4 0
1 4 5 2 6 1 0
111 4 5 0
10 1 5 0
8 6 4 5 1 3 2 0
1 1 4 6 5 3 0
3 4 6 5 3 1 2 0
1 5 1 6 2 3 4 0
1 4 3 1 2 5 6 0
1 4 3 5 1 6 0
2 3 4 1 5 2 6 0
1 1 6 2 0
5 6 4 5 1 2 3 0
7 6 2 5 1 3 4 0
4 5 1 6 4 2 3 0
254 2 0
1 4 3 2 1 5 6 0
9 4 3 5 0
1 6 5 3 1 2 4 0
451 5 0
5 4 1 5 6 3 0
7 2 1 6 0
7 4 1 6 5 2 3 0
1 2 6 3 5 1 4 0
5 2 5 4 0
1 4 5 6 1 2 0
2 5 2 6 3 1 4 0
18 6 1 5 0
1 5 2 1 3 4 6 0
4 4 1 3 6 0
1 5 4 3 6 1 0
3 2 6 5 4 1 3 0
80 6 5 2 0
1 2 4 6 5 3 1 0
1 5 3 4 2 1 6 0
1 1 6 5 2 4 0
3 2 3 5 0
1 1 6 5 2 4 3 0
1 4 5 1 6 2 0
4 4 6 1 3 5 2 0
1 6 1 2 5 0
2 2 5 3 0
2 4 6 1 5 2 3 0
143 4 1 5 0
4 6 1 2 0
1 3 2 1 6 5 4 0
1 4 5 2 1 3 6 0
2 2 5 6 4 0
1 2 4 5 6 1 3 0
6 5 4 6 1 2 3 0
1 3 5 4 6 1 2 0
8 5 6 1 4 3 2 0
1 5 2 1 4 6 3 0
1 1 6 4 2 5 0
2 1 2 0
8 4 3 6 0
10 4 5 6 3 1 2 0
6 4 2 0
1 3 5 6 2 1 4 0
1 6 5 1 3 2 4 0
4 4 5 2 0
42 4 1 3 5 6 2 0
11 5 4 2 0
3 4 1 2 0
5 5 6 2 3 1 4 0
4 6 4 3 0
13 5 6 2 1 3 4 0
6 5 6 2 1 0
6 2 4 6 0
4 6 5 1 2 4 3 0
1 6 5 4 2 1 3 0
1 3 6 4 0
4 6 5 2 3 1 4 0
2 5 4 6 2 3 1 0
2 1 5 4 6 0
1 2 4 1 6 0
3 4 6 5 3 2 1 0
5 6 5 2 1 0
48 1 4 0
4 5 4 3 6 1 2 0
1 3 2 5 0
6 5 2 4 0
9 4 5 1 3 6 2 0
2 1 4 5 6 2 3 0
1 3 6 2 5 1 4 0
7 4 6 1 5 0
1 2 5 3 6 1 4 0
1 4 5 3 1 2 6 0
1 5 6 2 3 4 1 0
1 1 2 5 6 3 4 0
9 2 6 5 3 1 4 0
376 4 0
1 1 5 4 6 2 3 0
1 2 5 4 1 3 6 0
1 5 6 2 3 0
1 2 6 1 4 5 0
2 4 3 1 5 0
1 6 3 5 0
1 6 2 1 4 0
23 4 5 6 1 3 2 0
5 5 6 2 1 4 3 0
3 6 5 1 4 3 2 0
3 2 3 0
1 6 4 1 2 3 5 0
1 5 2 6 4 0
1 1 3 5 4 6 2 0
304 4 1 0
63 2 5 0
1 5 4 6 3 2 1 0
2 5 1 6 4 0
1 1 6 4 5 2 0
2 5 3 6 2 1 4 0
8 5 4 3 0
3 6 4 5 2 1 3 0
9 1 5 4 0
1 2 6 1 5 0
6 5 2 1 0
1 4 2 3 1 5 6 0
1 4 5 6 1 3 0
3 5 1 4 6 0
8 6 2 4 0
4 4 1 3 6 2 5 0
5 5 4 1 6 2 3 0
2 5 6 4 1 0
1 2 3 1 4 5 6 0
6 5 3 0
1 4 6 2 5 0
51 5 4 1 0
1 1 3 5 6 0
1 3 1 2 6 4 5 0
8 5 6 1 4 2 3 0
3 4 5 1 3 0
2 6 5 1 2 0
1 2 5 3 6 0
13 5 6 3 0
1 6 3 0
1 5 6 1 4 2 0
2 6 2 5 4 1 3 0
1 3 4 5 1 6 2 0
6 4 5 6 2 1 3 0
2 5 2 1 6 3 4 0
2 1 3 5 0
1 6 3 5 4 2 1 0
56 4 1 5 6 3 2 0
1 2 5 4 6 3 1 0
9 4 3 5 1 6 2 0
55 4 3 1 0
15 4 1 5 6 0
6 2 1 5 0
1 3 4 5 1 0
1 2 5 1 4 6 3 0
2 6 2 5 4 3 1 0
3 3 5 0
3 5 6 3 4 1 2 0
1 4 3 1 5 6 0
2 5 4 1 3 0
2 2 3 1 0
1 4 5 6 2 1 0
1 4 3 5 6 0
1 4 2 5 6 0
3 2 5 6 3 0
1 3 1 4 0
41 6 5 1 0
1 3 6 0
1 6 2 4 3 0
1 5 4 2 1 0
1 1 2 3 0
145 4 5 1 0
7 5 1 3 0
1 5 6 2 4 1 0
1 4 5 2 3 6 1 0
191 5 6 0
6 3 4 1 0
1 5 1 6 3 2 4 0
2 5 1 2 0
1 2 5 1 6 4 3 0
1 3 1 5 2 6 4 0
1 2 3 4 5 6 0
1 4 6 5 2 3 1 0
1 4 1 5 2 3 6 0
5 6 5 4 1 3 2 0
2 5 4 3 1 6 2 0
4 5 2 6 4 1 3 0
9 2 5 6 1 3 4 0
2 2 6 5 4 3 1 0
2 6 3 1 0
1 2 5 4 3 1 6 0
13 4 3 1 6 5 2 0
1 5 1 4 6 2 3 0
2 4 1 3 2 5 6 0
14 5 4 1 6 3 2 0
12 6 4 0
1 6 4 3 5 1 2 0
5 5 6 4 2 1 3 0
3 6 1 4 5 0
12 5 4 1 6 0
40 5 1 0
109 6 0
1 2 3 5 6 4 1 0
1 4 6 1 3 2 5 0
42 5 6 4 0
10 1 6 0
1 6 5 1 3 4 2 0
3 5 1 6 3 4 2 0
1 4 1 6 2 3 5 0
1 4 3 1 6 5 0
2 1 6 4 2 5 3 0
56 5 4 6 0
14 3 0
2 2 4 5 6 3 1 0
3 6 5 1 4 2 3 0
1 5 4 3 1 0
1 5 1 2 6 4 0
3 6 5 4 1 0
4 5 6 1 3 4 2 0
1 2 5 6 1 0
4 2 5 6 1 4 3 0
9 4 5 6 1 0
1 4 6 1 2 3 5 0
1 3 1 2 0
1 3 1 4 5 6 2 0
8 1 5 6 0
9 6 2 1 0
1 1 2 5 6 4 3 0
6 6 5 2 1 4 3 0
3 2 1 3 4 5 6 0
1 6 1 3 0
2 4 5 3 6 1 0
1 5 3 6 1 0
127 5 6 2 0
3 6 4 1 5 3 2 0
3 6 5 2 1 3 4 0
1 2 5 4 1 6 3 0
1 4 6 1 5 3 0
14 4 3 1 5 6 2 0
1 3 5 4 2 0
2 5 2 3 0
1 4 2 5 6 1 3 0
126 4 1 3 0
23 6 5 4 0
3 4 3 1 6 0
1 2 6 4 5 1 3 0
6 5 1 6 4 3 2 0
1 2 6 1 4 0
1 1 4 5 3 6 2 0
2 6 4 5 2 0
10 5 2 6 1 3 4 0
1 5 6 3 1 4 2 0
3 2 5 6 4 1 3 0
1 5 1 2 6 4 3 0
6 4 2 1 0
2 2 6 4 5 3 1 0
1 5 4 1 6 3 0
2 4 1 2 5 6 3 0
1 5 3 6 1 4 2 0
3 5 4 6 2 1 3 0
39 1 4 5 0
7 4 6 5 1 3 2 0
1 4 3 5 6 1 2 0
2 3 1 0
4 6 4 5 1 0
3 4 2 5 0
6 5 6 1 2 3 4 0
1 6 2 5 3 4 1 0
50 6 2 0
6 4 1 3 5 6 0
5 1 4 6 5 0
2 4 1 6 3 2 5 0
1 5 6 4 3 1 2 0
15 1 4 3 0
6 4 5 1 6 2 3 0
1 1 6 2 5 4 3 0
1 6 1 2 4 5 3 0
1 6 4 1 5 3 0
1 4 6 5 2 1 3 0
4 2 3 6 0
6 6 2 5 1 4 3 0
2 1 5 4 3 6 2 0
1 5 2 6 3 0
77 4 1 6 0
1 6 2 4 3 1 5 0
1 3 5 2 1 6 4 0
3 1 4 5 6 3 0
19 4 5 1 6 0
1 4 2 6 3 1 5 0
4 6 2 5 3 1 4 0
2 1 5 4 6 3 2 0
1 1 4 2 0
2 1 2 5 0
5 2 4 5 0
7 5 4 6 3 1 2 0
2 4 5 2 1 6 3 0
1 4 5 2 6 3 1 0
3 6 5 3 1 4 2 0
3 4 5 1 3 2 6 0
1 6 2 1 5 3 0
6 5 6 1 2 4 3 0
3 4 1 3 6 5 0
2 4 6 5 3 1 0
2 6 2 5 1 0
2 6 5 2 3 4 1 0
1 5 1 3 6 2 4 0
3 3 4 5 0
2 1 4 6 5 3 2 0
1 5 6 1 4 3 0
1 5 1 2 4 6 3 0
9 3 4 1 5 6 2 0
14 6 1 0
4 2 1 0
1 4 1 5 3 2 6 0
1 1 4 5 2 3 6 0
2 2 5 6 4 3 1 0
2 5 4 2 1 3 6 0
1 5 4 3 2 1 6 0
1 2 4 6 1 0
28 5 1 4 0
1 1 6 5 4 3 2 0
2 2 6 1 5 4 3 0
1 5 1 4 3 6 0
1 4 2 6 5 0
1 3 5 2 6 4 1 0
5 4 6 3 0
1 5 4 2 6 3 1 0
1 1 5 6 2 4 3 0
3 5 4 2 6 1 3 0
2 4 2 5 6 3 1 0
1 3 4 6 0
6 2 6 3 0
4 5 3 1 0
3 2 4 1 0
19 1 4 6 0
93 6 5 0
88 5 2 6 0
1 4 2 6 5 1 3 0
5 2 5 1 0
1 1 3 0
3 1 6 4 0
1 5 1 2 4 6 0
3 6 4 1 5 0
8 4 6 5 1 0
2 4 3 6 1 0
7 2 6 5 1 4 3 0
3 4 5 6 2 0
3 2 5 6 3 4 1 0
203 2 6 5 0
2 3 4 1 6 5 2 0
1 5 1 2 6 3 4 0
13 6 4 1 0
2 4 6 3 5 1 2 0
3 4 6 5 1 2 3 0
33 5 1 6 0
0
"Jesper BACH ""Scottish Greens – Think Global Act Local"""
"Catherine BROWN ""Scottish Conservative and Unionist"""
"Eamonn GALLAGHER ""Alba Party for Independence"""
"Gordan LOW ""Scottish National Party (SNP)"""
"Alan MOIR ""Labour and Co-operative Party"""
"Ben ROSE ""Scottish Liberal Democrats"""
Ward 5 - Bishopbriggs South