Milngavie
3 6 556 10626 6242 98
Jim GIBBONS,SNP,1
Jim GOODALL,SLD,1
Maureen HENRY,Lab,0
Gordon Hugh MacLeod MASTERTON,Grn,0
Graeme MCGINNIGLE,Con,1
Kate WADDELL,SNP,0
58 1 0
17 1 2 0
12 1 2 3 0
1 1 2 3 4 6 5 0
1 1 2 3 5 6 4 0
1 1 2 3 6 4 5 0
1 1 2 3 6 5 4 0
10 1 2 4 0
2 1 2 4 3 0
7 1 2 4 6 0
4 1 2 4 6 3 5 0
1 1 2 4 6 5 3 0
7 1 2 5 0
1 1 2 5 3 4 6 0
1 1 2 5 4 0
1 1 2 5 6 3 4 0
18 1 2 6 0
1 1 2 6 3 4 0
3 1 2 6 3 4 5 0
1 1 2 6 3 5 4 0
4 1 2 6 4 0
2 1 2 6 4 3 0
3 1 2 6 4 3 5 0
3 1 2 6 4 5 3 0
2 1 2 6 5 3 4 0
2 1 2 6 5 4 3 0
9 1 3 0
7 1 3 2 0
1 1 3 2 4 5 0
2 1 3 2 4 5 6 0
1 1 3 2 4 6 0
2 1 3 2 4 6 5 0
2 1 3 2 6 0
1 1 3 2 6 4 0
3 1 3 2 6 4 5 0
1 1 3 2 6 5 4 0
6 1 3 4 0
1 1 3 4 2 5 6 0
1 1 3 4 2 6 5 0
6 1 3 4 6 2 5 0
2 1 3 5 0
21 1 3 6 0
1 1 3 6 2 0
1 1 3 6 2 4 0
2 1 3 6 2 4 5 0
1 1 3 6 4 0
6 1 3 6 4 2 5 0
18 1 4 0
8 1 4 2 0
1 1 4 2 3 6 5 0
4 1 4 2 6 0
5 1 4 2 6 3 5 0
1 1 4 2 6 5 3 0
4 1 4 3 0
1 1 4 3 2 0
1 1 4 3 2 6 0
5 1 4 3 6 2 5 0
38 1 4 6 0
2 1 4 6 2 3 0
8 1 4 6 2 3 5 0
1 1 4 6 2 5 0
1 1 4 6 2 5 3 0
1 1 4 6 3 0
1 1 4 6 3 2 0
7 1 4 6 3 2 5 0
1 1 4 6 5 0
4 1 5 0
4 1 5 2 0
1 1 5 3 6 2 4 0
7 1 5 6 0
1 1 5 6 2 3 4 0
1 1 5 6 3 4 2 0
2 1 5 6 4 2 3 0
266 1 6 0
58 1 6 2 0
1 1 6 2 3 0
3 1 6 2 3 4 0
12 1 6 2 3 4 5 0
1 1 6 2 3 5 4 0
16 1 6 2 4 0
5 1 6 2 4 3 0
15 1 6 2 4 3 5 0
7 1 6 2 4 5 3 0
1 1 6 2 5 3 4 0
2 1 6 2 5 4 3 0
42 1 6 3 0
3 1 6 3 2 0
3 1 6 3 2 4 0
10 1 6 3 2 4 5 0
1 1 6 3 2 5 4 0
6 1 6 3 4 0
2 1 6 3 4 2 0
10 1 6 3 4 2 5 0
1 1 6 3 4 5 2 0
1 1 6 3 5 0
2 1 6 3 5 2 4 0
306 1 6 4 0
24 1 6 4 2 0
6 1 6 4 2 3 0
78 1 6 4 2 3 5 0
1 1 6 4 2 5 0
8 1 6 4 2 5 3 0
20 1 6 4 3 0
4 1 6 4 3 2 0
57 1 6 4 3 2 5 0
4 1 6 4 5 2 3 0
4 1 6 4 5 3 2 0
17 1 6 5 0
1 1 6 5 2 0
1 1 6 5 2 3 4 0
1 1 6 5 2 4 0
1 1 6 5 3 0
2 1 6 5 3 2 4 0
1 1 6 5 4 0
1 1 6 5 4 2 3 0
1 1 6 5 4 3 2 0
276 2 0
24 2 1 0
7 2 1 3 0
2 2 1 3 4 6 5 0
1 2 1 3 5 0
1 2 1 3 5 6 0
1 2 1 3 5 6 4 0
1 2 1 3 6 0
4 2 1 3 6 4 5 0
20 2 1 4 0
1 2 1 4 3 0
1 2 1 4 3 6 0
1 2 1 4 3 6 5 0
1 2 1 4 5 3 6 0
1 2 1 4 6 3 0
1 2 1 4 6 3 5 0
1 2 1 4 6 5 3 0
7 2 1 5 0
1 2 1 5 6 0
1 2 1 5 6 3 4 0
1 2 1 5 6 4 3 0
14 2 1 6 0
1 2 1 6 3 0
1 2 1 6 3 4 0
4 2 1 6 3 4 5 0
5 2 1 6 4 0
2 2 1 6 4 3 5 0
3 2 1 6 4 5 3 0
2 2 1 6 5 3 4 0
105 2 3 0
12 2 3 1 0
1 2 3 1 4 5 6 0
1 2 3 1 4 6 5 0
1 2 3 1 6 0
2 2 3 1 6 4 0
1 2 3 1 6 4 5 0
1 2 3 1 6 5 4 0
60 2 3 4 0
2 2 3 4 1 0
1 2 3 4 1 5 6 0
1 2 3 4 1 6 0
8 2 3 4 1 6 5 0
5 2 3 4 5 0
10 2 3 4 5 1 6 0
10 2 3 4 5 6 1 0
1 2 3 4 6 1 5 0
1 2 3 4 6 5 1 0
102 2 3 5 0
3 2 3 5 1 0
2 2 3 5 1 4 6 0
12 2 3 5 4 0
13 2 3 5 4 1 6 0
9 2 3 5 4 6 1 0
1 2 3 5 6 4 1 0
3 2 3 6 0
1 2 3 6 1 4 5 0
1 2 3 6 5 4 0
70 2 4 0
19 2 4 1 0
1 2 4 1 3 5 6 0
1 2 4 1 5 3 6 0
3 2 4 1 6 0
1 2 4 1 6 3 0
1 2 4 1 6 3 5 0
2 2 4 1 6 5 3 0
42 2 4 3 0
2 2 4 3 1 0
1 2 4 3 1 5 6 0
5 2 4 3 1 6 5 0
7 2 4 3 5 0
4 2 4 3 5 1 6 0
7 2 4 3 5 6 1 0
1 2 4 3 6 1 5 0
1 2 4 3 6 5 1 0
26 2 4 5 0
4 2 4 5 3 0
5 2 4 5 3 1 6 0
3 2 4 5 3 6 1 0
1 2 4 5 6 1 3 0
8 2 4 6 0
1 2 4 6 1 3 0
1 2 4 6 1 3 5 0
1 2 4 6 3 0
3 2 4 6 3 1 5 0
1 2 4 6 3 5 1 0
290 2 5 0
12 2 5 1 0
1 2 5 1 3 6 4 0
1 2 5 1 4 3 6 0
1 2 5 1 4 6 3 0
1 2 5 1 6 4 3 0
204 2 5 3 0
1 2 5 3 1 0
2 2 5 3 1 6 4 0
26 2 5 3 4 0
1 2 5 3 4 1 0
12 2 5 3 4 1 6 0
1 2 5 3 4 6 0
15 2 5 3 4 6 1 0
5 2 5 3 6 1 4 0
1 2 5 3 6 4 1 0
63 2 5 4 0
3 2 5 4 1 0
13 2 5 4 3 0
8 2 5 4 3 1 6 0
8 2 5 4 3 6 1 0
1 2 5 4 6 0
1 2 5 4 6 1 0
1 2 5 4 6 1 3 0
1 2 5 4 6 3 0
8 2 5 6 0
1 2 5 6 1 0
1 2 5 6 4 3 0
9 2 6 0
6 2 6 1 0
3 2 6 1 3 4 5 0
3 2 6 1 4 3 5 0
2 2 6 1 5 4 3 0
1 2 6 3 0
3 2 6 4 0
2 2 6 4 1 0
1 2 6 4 3 1 0
1 2 6 4 3 1 5 0
1 2 6 4 3 5 1 0
3 2 6 4 5 3 1 0
1 2 6 5 1 4 3 0
1 2 6 5 4 1 0
162 3 0
7 3 1 0
8 3 1 2 0
1 3 1 2 4 6 0
2 3 1 2 6 4 5 0
4 3 1 4 0
1 3 1 4 2 5 6 0
1 3 1 4 2 6 5 0
1 3 1 4 6 0
1 3 1 4 6 2 5 0
3 3 1 5 0
1 3 1 5 2 4 6 0
12 3 1 6 0
3 3 1 6 2 4 5 0
2 3 1 6 4 2 0
1 3 1 6 4 2 5 0
1 3 1 6 5 4 2 0
65 3 2 0
9 3 2 1 0
1 3 2 1 4 0
1 3 2 1 5 6 4 0
1 3 2 1 6 0
2 3 2 1 6 5 4 0
41 3 2 4 0
1 3 2 4 1 0
1 3 2 4 1 5 6 0
2 3 2 4 1 6 5 0
4 3 2 4 5 0
8 3 2 4 5 6 1 0
33 3 2 5 0
1 3 2 5 1 6 4 0
8 3 2 5 4 0
4 3 2 5 4 1 6 0
2 3 2 5 4 6 1 0
1 3 2 5 6 1 0
2 3 2 6 0
1 3 2 6 4 5 1 0
32 3 4 0
2 3 4 1 0
1 3 4 1 2 0
2 3 4 1 2 6 0
1 3 4 1 6 2 5 0
22 3 4 2 0
7 3 4 2 1 6 5 0
1 3 4 2 5 1 6 0
4 3 4 2 5 6 1 0
1 3 4 2 6 1 0
2 3 4 2 6 1 5 0
4 3 4 5 0
1 3 4 5 2 0
1 3 4 5 2 1 6 0
5 3 4 6 0
4 3 4 6 1 0
1 3 4 6 1 2 0
2 3 4 6 1 2 5 0
8 3 5 0
1 3 5 1 0
1 3 5 1 2 6 4 0
28 3 5 2 0
1 3 5 2 1 4 6 0
1 3 5 2 1 6 4 0
1 3 5 2 4 0
5 3 5 2 4 1 6 0
3 3 5 2 4 6 1 0
3 3 5 4 0
1 3 5 4 2 0
1 3 5 4 6 2 1 0
3 3 5 6 0
4 3 6 0
6 3 6 1 0
2 3 6 1 2 4 5 0
1 3 6 1 2 5 4 0
1 3 6 1 4 2 5 0
3 3 6 2 0
3 3 6 4 0
1 3 6 4 2 5 1 0
1 3 6 5 0
27 4 0
7 4 1 0
8 4 1 2 0
1 4 1 2 3 0
1 4 1 2 3 6 5 0
1 4 1 2 6 0
1 4 1 2 6 3 0
1 4 1 2 6 5 3 0
4 4 1 3 0
1 4 1 3 2 6 0
1 4 1 3 6 0
20 4 1 6 0
4 4 1 6 2 0
7 4 1 6 2 3 5 0
1 4 1 6 2 5 3 0
1 4 1 6 3 0
1 4 1 6 3 2 0
7 4 1 6 3 2 5 0
1 4 1 6 5 3 2 0
23 4 2 0
8 4 2 1 0
1 4 2 1 3 0
2 4 2 1 3 5 6 0
1 4 2 1 3 6 5 0
1 4 2 1 6 0
2 4 2 1 6 3 0
2 4 2 1 6 3 5 0
3 4 2 1 6 5 3 0
16 4 2 3 0
1 4 2 3 1 5 6 0
2 4 2 3 1 6 0
3 4 2 3 1 6 5 0
5 4 2 3 5 6 1 0
1 4 2 3 6 1 0
1 4 2 3 6 1 5 0
4 4 2 5 0
1 4 2 5 1 6 3 0
1 4 2 5 6 3 0
7 4 2 6 0
2 4 2 6 1 0
1 4 2 6 1 3 5 0
2 4 2 6 3 1 5 0
16 4 3 0
2 4 3 1 0
1 4 3 1 2 6 5 0
1 4 3 1 6 0
1 4 3 1 6 2 0
2 4 3 1 6 2 5 0
15 4 3 2 0
1 4 3 2 1 5 0
2 4 3 2 1 6 0
5 4 3 2 1 6 5 0
2 4 3 2 5 1 6 0
1 4 3 2 6 1 5 0
2 4 3 5 0
1 4 3 5 2 6 1 0
5 4 3 6 0
1 4 3 6 1 0
1 4 3 6 1 2 0
5 4 3 6 1 2 5 0
1 4 5 0
1 4 5 1 3 2 6 0
5 4 5 2 0
1 4 5 2 3 0
1 4 5 2 3 1 6 0
1 4 5 3 0
1 4 5 3 2 0
6 4 6 0
19 4 6 1 0
4 4 6 1 2 0
7 4 6 1 2 3 5 0
1 4 6 1 2 5 3 0
3 4 6 1 3 0
2 4 6 1 3 2 0
9 4 6 1 3 2 5 0
1 4 6 1 3 5 2 0
1 4 6 2 1 3 0
1 4 6 2 1 5 3 0
1 4 6 2 3 1 5 0
5 4 6 3 0
1 4 6 3 1 0
1 4 6 3 1 2 0
3 4 6 3 1 2 5 0
1 4 6 3 2 1 5 0
1 4 6 5 0
495 5 0
11 5 1 0
10 5 1 2 0
1 5 1 2 3 0
1 5 1 2 4 6 3 0
1 5 1 2 6 0
1 5 1 3 0
2 5 1 4 2 0
1 5 1 4 3 2 6 0
4 5 1 6 0
1 5 1 6 2 3 4 0
1 5 1 6 2 4 0
2 5 1 6 3 2 4 0
1 5 1 6 4 0
431 5 2 0
13 5 2 1 0
1 5 2 1 3 0
1 5 2 1 3 4 0
1 5 2 1 4 3 6 0
2 5 2 1 6 0
1 5 2 1 6 3 4 0
3 5 2 1 6 4 3 0
283 5 2 3 0
1 5 2 3 1 0
1 5 2 3 1 4 0
3 5 2 3 1 6 4 0
24 5 2 3 4 0
19 5 2 3 4 1 6 0
1 5 2 3 4 6 0
24 5 2 3 4 6 1 0
3 5 2 3 6 1 4 0
1 5 2 3 6 4 1 0
77 5 2 4 0
1 5 2 4 1 3 6 0
2 5 2 4 1 6 3 0
13 5 2 4 3 0
1 5 2 4 3 1 0
6 5 2 4 3 1 6 0
8 5 2 4 3 6 1 0
1 5 2 4 6 1 3 0
2 5 2 6 0
1 5 2 6 1 0
37 5 3 0
3 5 3 1 0
1 5 3 1 6 2 4 0
106 5 3 2 0
1 5 3 2 1 4 6 0
6 5 3 2 4 0
9 5 3 2 4 1 6 0
9 5 3 2 4 6 1 0
2 5 3 2 6 1 4 0
7 5 3 4 0
4 5 3 4 2 1 6 0
12 5 4 0
16 5 4 2 0
1 5 4 2 1 0
1 5 4 2 1 3 6 0
1 5 4 2 1 6 0
3 5 4 2 3 0
2 5 4 2 3 1 6 0
1 5 4 2 3 6 1 0
3 5 4 3 0
1 5 4 3 2 0
2 5 4 3 2 1 6 0
2 5 4 3 2 6 1 0
2 5 4 6 0
2 5 6 0
2 5 6 1 0
1 5 6 1 2 3 4 0
1 5 6 1 3 2 4 0
1 5 6 1 4 3 2 0
1 5 6 2 0
2 5 6 2 1 0
1 5 6 3 0
1 5 6 4 0
15 6 0
71 6 1 0
21 6 1 2 0
5 6 1 2 3 4 5 0
2 6 1 2 3 5 4 0
7 6 1 2 4 0
1 6 1 2 4 3 0
3 6 1 2 4 3 5 0
1 6 1 2 4 5 3 0
1 6 1 2 5 0
3 6 1 2 5 3 4 0
2 6 1 2 5 4 3 0
15 6 1 3 0
1 6 1 3 2 0
1 6 1 3 2 4 0
3 6 1 3 2 4 5 0
1 6 1 3 2 5 4 0
2 6 1 3 4 0
2 6 1 3 4 2 0
7 6 1 3 4 2 5 0
1 6 1 3 5 2 4 0
99 6 1 4 0
3 6 1 4 2 0
9 6 1 4 2 3 0
54 6 1 4 2 3 5 0
3 6 1 4 2 5 3 0
7 6 1 4 3 0
7 6 1 4 3 2 0
36 6 1 4 3 2 5 0
2 6 1 4 5 2 3 0
1 6 1 4 5 3 2 0
3 6 1 5 0
1 6 1 5 2 0
2 6 1 5 2 4 3 0
1 6 1 5 3 2 4 0
3 6 1 5 4 2 3 0
1 6 2 0
4 6 2 1 0
2 6 2 1 3 4 5 0
1 6 2 1 4 0
1 6 2 1 4 3 0
1 6 2 1 4 5 3 0
1 6 2 3 0
1 6 2 3 1 4 5 0
1 6 2 3 4 1 0
1 6 2 4 1 0
3 6 2 4 1 3 5 0
1 6 2 5 0
1 6 2 5 1 3 4 0
2 6 3 0
1 6 3 1 0
1 6 3 1 2 4 5 0
1 6 3 1 4 0
5 6 3 2 0
1 6 3 4 1 2 5 0
1 6 3 4 2 1 5 0
1 6 3 5 0
1 6 3 5 1 2 4 0
2 6 4 0
13 6 4 1 0
1 6 4 1 2 0
3 6 4 1 2 3 5 0
1 6 4 1 3 0
2 6 4 1 3 2 5 0
6 6 4 2 0
1 6 4 2 1 0
1 6 4 2 3 5 1 0
2 6 4 3 0
3 6 4 3 2 1 0
1 6 4 3 2 5 0
1 6 5 0
1 6 5 2 0
1 6 5 2 1 4 3 0
1 6 5 3 0
1 6 5 3 4 1 2 0
2 6 5 4 0
0
