Lenzie and Kirkintilloch South
3 8 1421 12041 6759 103
Rod ACKLAND,SLD,1
Rhondda GEEKIE,Lab,0
Gillian RENWICK,SNP,1
Martin ROBERTSON,SNP,0
Carolynn SCRIMGEOUR,Grn,0
Alisdair SINCLAIR,Ind,0
Sandy TAYLOR,Ind,0
Sandra THORNTON,Con,1
108 1 0
34 1 2 0
13 1 2 3 0
2 1 2 3 4 5 6 7 8 0
1 1 2 3 5 0
2 1 2 4 0
1 1 2 4 3 5 6 0
22 1 2 5 0
3 1 2 5 3 4 0
1 1 2 5 3 4 6 7 8 0
1 1 2 5 3 4 7 8 0
3 1 2 5 6 0
3 1 2 5 6 7 0
3 1 2 5 6 7 8 3 4 0
1 1 2 5 7 6 0
3 1 2 5 8 0
1 1 2 5 8 3 4 0
1 1 2 5 8 6 0
11 1 2 6 0
6 1 2 6 7 0
2 1 2 6 7 5 0
2 1 2 6 7 8 0
1 1 2 6 7 8 5 3 4 0
2 1 2 6 7 8 5 4 3 0
3 1 2 6 8 7 0
3 1 2 7 0
1 1 2 7 6 5 0
1 1 2 7 8 6 5 3 4 0
32 1 2 8 0
4 1 2 8 5 0
2 1 2 8 5 6 7 3 4 0
1 1 2 8 5 6 7 4 3 0
1 1 2 8 6 5 7 4 3 0
5 1 2 8 6 7 0
1 1 2 8 6 7 5 0
1 1 2 8 6 7 5 3 4 0
3 1 2 8 6 7 5 4 3 0
1 1 2 8 7 0
1 1 2 8 7 5 6 3 4 0
1 1 2 8 7 6 0
1 1 2 8 7 6 3 4 5 0
2 1 2 8 7 6 5 4 3 0
4 1 3 0
3 1 3 2 0
1 1 3 2 4 5 6 8 7 0
18 1 3 4 0
4 1 3 4 2 0
1 1 3 4 2 5 6 7 8 0
1 1 3 4 5 0
1 1 3 4 5 2 0
1 1 3 4 5 7 6 2 8 0
1 1 3 4 7 0
1 1 3 4 7 5 6 8 2 0
1 1 3 4 8 7 6 0
4 1 3 5 0
1 1 3 5 4 2 0
1 1 3 5 4 2 7 6 8 0
2 1 3 5 6 0
1 1 3 5 7 4 0
3 1 3 6 0
4 1 3 7 0
1 1 3 7 8 0
2 1 3 8 0
1 1 4 0
2 1 4 3 0
1 1 4 3 5 2 0
3 1 4 5 0
1 1 4 5 3 2 0
1 1 4 5 6 0
1 1 4 7 5 3 6 2 8 0
1 1 4 8 3 0
32 1 5 0
8 1 5 2 0
1 1 5 2 3 0
1 1 5 2 3 4 0
1 1 5 2 3 4 6 7 0
1 1 5 2 3 4 6 7 8 0
1 1 5 2 3 4 8 6 7 0
1 1 5 2 6 7 3 4 8 0
1 1 5 2 7 6 0
1 1 5 2 7 6 3 4 8 0
1 1 5 2 8 0
1 1 5 2 8 7 6 0
4 1 5 3 0
1 1 5 3 2 0
1 1 5 3 2 4 8 0
1 1 5 3 4 6 7 8 2 0
1 1 5 3 4 7 0
1 1 5 3 6 0
1 1 5 4 3 0
7 1 5 6 0
1 1 5 6 2 0
1 1 5 6 2 3 0
1 1 5 6 2 8 7 0
1 1 5 6 7 0
1 1 5 6 7 2 3 4 8 0
1 1 5 6 7 8 0
2 1 5 6 7 8 2 0
1 1 5 6 7 8 4 3 2 0
1 1 5 6 8 0
5 1 5 7 0
5 1 5 8 0
1 1 5 8 4 3 0
1 1 5 8 6 7 4 3 2 0
10 1 6 0
9 1 6 2 0
1 1 6 2 5 7 0
1 1 6 2 7 8 0
2 1 6 2 8 0
1 1 6 3 4 0
1 1 6 3 4 5 7 0
4 1 6 5 0
1 1 6 5 3 0
1 1 6 5 7 0
22 1 6 7 0
2 1 6 7 2 0
1 1 6 7 2 5 8 3 4 0
1 1 6 7 2 8 0
1 1 6 7 4 0
4 1 6 7 5 0
1 1 6 7 5 2 8 3 4 0
1 1 6 7 5 3 4 2 8 0
1 1 6 7 5 4 3 2 8 0
1 1 6 7 5 8 2 3 4 0
1 1 6 7 5 8 2 4 3 0
3 1 6 7 8 0
2 1 6 7 8 2 5 3 4 0
12 1 6 8 0
1 1 6 8 3 7 0
1 1 6 8 5 2 3 4 7 0
16 1 7 0
1 1 7 2 0
1 1 7 2 5 0
1 1 7 2 6 0
2 1 7 3 0
1 1 7 3 4 6 5 8 0
1 1 7 4 0
4 1 7 5 0
16 1 7 6 0
1 1 7 6 2 5 0
1 1 7 6 3 4 5 2 8 0
1 1 7 6 5 0
2 1 7 6 8 0
1 1 7 6 8 2 0
3 1 7 6 8 5 0
14 1 7 8 0
1 1 7 8 2 6 0
1 1 7 8 3 0
1 1 7 8 6 0
37 1 8 0
51 1 8 2 0
2 1 8 2 5 0
2 1 8 2 5 6 7 3 4 0
3 1 8 2 6 0
2 1 8 2 6 7 0
3 1 8 2 6 7 5 0
1 1 8 2 6 7 5 3 4 0
1 1 8 2 7 6 5 3 4 0
1 1 8 2 7 6 5 4 3 0
3 1 8 3 0
1 1 8 3 4 2 5 6 7 0
1 1 8 3 4 5 2 6 7 0
1 1 8 3 4 5 6 7 2 0
1 1 8 3 4 6 7 5 2 0
2 1 8 4 0
12 1 8 5 0
4 1 8 5 2 6 7 3 4 0
1 1 8 5 2 7 0
1 1 8 5 6 0
2 1 8 5 6 7 0
2 1 8 5 6 7 2 3 4 0
19 1 8 6 0
2 1 8 6 2 5 7 3 4 0
1 1 8 6 2 7 5 3 4 0
1 1 8 6 5 0
6 1 8 6 7 0
6 1 8 6 7 2 0
1 1 8 6 7 2 5 0
1 1 8 6 7 2 5 3 4 0
2 1 8 6 7 5 2 3 4 0
1 1 8 6 7 5 3 4 2 0
16 1 8 7 0
1 1 8 7 2 0
5 1 8 7 6 0
2 1 8 7 6 2 0
1 1 8 7 6 2 5 3 4 0
1 1 8 7 6 5 0
2 1 8 7 6 5 2 3 4 0
1 1 8 7 6 5 4 3 2 0
178 2 0
47 2 1 0
10 2 1 3 0
1 2 1 3 4 5 0
1 2 1 3 5 0
1 2 1 3 5 6 7 8 4 0
3 2 1 4 0
1 2 1 4 3 5 0
1 2 1 4 3 6 7 5 8 0
27 2 1 5 0
1 2 1 5 3 0
2 2 1 5 3 4 0
1 2 1 5 3 4 8 0
1 2 1 5 3 4 8 6 7 0
1 2 1 5 6 7 0
3 2 1 5 6 7 3 4 8 0
2 2 1 5 6 7 8 3 4 0
2 2 1 5 6 8 0
1 2 1 5 6 8 4 3 7 0
2 2 1 5 8 0
1 2 1 5 8 3 4 6 7 0
1 2 1 5 8 6 0
1 2 1 5 8 6 4 3 7 0
1 2 1 5 8 7 6 3 4 0
12 2 1 6 0
1 2 1 6 7 0
1 2 1 6 7 5 0
4 2 1 6 7 8 0
1 2 1 6 8 0
1 2 1 6 8 5 0
1 2 1 6 8 5 7 4 3 0
3 2 1 7 0
1 2 1 7 5 0
1 2 1 7 5 4 8 0
2 2 1 7 6 0
1 2 1 7 6 8 4 3 0
1 2 1 7 8 0
1 2 1 7 8 4 0
28 2 1 8 0
1 2 1 8 3 4 5 7 6 0
1 2 1 8 5 0
1 2 1 8 5 6 7 4 3 0
5 2 1 8 6 7 0
2 2 1 8 6 7 5 0
1 2 1 8 7 0
1 2 1 8 7 3 4 5 6 0
1 2 1 8 7 6 0
1 2 1 8 7 6 5 0
2 2 1 8 7 6 5 4 3 0
12 2 3 0
7 2 3 1 0
1 2 3 1 4 0
1 2 3 1 4 5 7 6 8 0
1 2 3 1 4 6 0
2 2 3 1 5 4 6 7 8 0
1 2 3 1 6 0
26 2 3 4 0
3 2 3 4 1 0
3 2 3 4 1 5 6 7 8 0
1 2 3 4 1 5 7 6 8 0
9 2 3 4 5 0
1 2 3 4 5 1 0
4 2 3 4 5 1 6 7 8 0
2 2 3 4 5 1 7 6 8 0
1 2 3 4 5 1 8 0
1 2 3 4 5 6 0
1 2 3 4 5 6 7 1 0
1 2 3 4 5 6 7 8 1 0
1 2 3 4 5 7 1 8 6 0
1 2 3 4 6 7 8 1 5 0
1 2 3 4 7 0
10 2 3 5 0
1 2 3 5 4 1 0
1 2 3 5 4 1 7 6 0
1 2 3 5 6 0
2 2 3 6 0
1 2 3 6 7 8 1 5 4 0
1 2 3 7 0
1 2 3 7 1 6 5 4 8 0
1 2 3 7 5 0
1 2 3 8 0
5 2 4 0
3 2 4 3 0
1 2 4 3 1 5 6 7 8 0
1 2 4 3 5 0
1 2 4 5 0
1 2 4 6 0
2 2 4 7 0
1 2 4 7 3 6 5 8 1 0
26 2 5 0
14 2 5 1 0
2 2 5 1 3 4 0
1 2 5 1 3 4 6 0
1 2 5 1 3 4 6 7 0
1 2 5 1 3 4 6 7 8 0
1 2 5 1 6 7 0
1 2 5 1 6 7 3 4 8 0
1 2 5 1 7 0
1 2 5 1 7 8 6 3 0
1 2 5 1 8 0
1 2 5 1 8 3 4 6 7 0
1 2 5 1 8 6 7 3 4 0
3 2 5 3 0
2 2 5 3 1 4 0
1 2 5 3 1 4 8 6 7 0
1 2 5 3 4 0
1 2 5 3 4 1 0
1 2 5 3 4 1 6 7 8 0
1 2 5 3 4 1 8 6 7 0
2 2 5 4 3 1 0
5 2 5 6 0
3 2 5 6 7 0
2 2 5 6 7 1 0
3 2 5 7 0
1 2 5 7 6 0
1 2 5 7 6 1 3 4 8 0
1 2 5 8 1 7 6 4 3 0
7 2 6 0
1 2 6 1 3 0
1 2 6 1 3 7 8 4 5 0
2 2 6 1 5 7 0
1 2 6 3 0
4 2 6 5 0
1 2 6 5 7 8 0
10 2 6 7 0
1 2 6 7 1 3 4 5 8 0
2 2 6 7 5 0
1 2 6 7 5 1 4 3 8 0
1 2 6 7 5 8 1 3 4 0
1 2 6 7 8 0
2 2 6 8 0
9 2 7 0
5 2 7 1 0
1 2 7 1 8 6 5 4 3 0
3 2 7 3 0
1 2 7 3 4 0
1 2 7 3 4 1 0
1 2 7 3 5 4 1 0
1 2 7 4 0
3 2 7 5 0
15 2 7 6 0
1 2 7 6 1 0
1 2 7 6 3 4 1 5 8 0
1 2 7 6 3 4 5 0
1 2 7 6 5 4 3 1 8 0
1 2 7 6 5 4 3 8 1 0
2 2 7 6 8 0
21 2 8 0
34 2 8 1 0
1 2 8 1 5 3 4 0
1 2 8 1 5 6 0
2 2 8 1 5 6 7 0
1 2 8 1 5 7 0
1 2 8 1 6 7 0
1 2 8 1 6 7 3 4 5 0
2 2 8 1 6 7 5 3 4 0
2 2 8 4 0
1 2 8 5 0
1 2 8 5 6 7 0
4 2 8 6 0
1 2 8 6 1 0
3 2 8 6 7 1 0
1 2 8 6 7 1 5 3 4 0
4 2 8 7 0
1 2 8 7 1 0
1 2 8 7 6 5 0
1 2 8 7 6 5 1 3 4 0
1 2 8 7 6 5 4 3 1 0
61 3 0
3 3 1 2 0
1 3 1 2 6 0
3 3 1 4 0
1 3 1 4 2 0
1 3 1 4 5 0
1 3 1 4 5 6 8 7 2 0
1 3 1 4 7 8 6 2 5 0
4 3 1 5 0
2 3 1 5 4 2 6 7 8 0
1 3 1 5 8 2 6 7 4 0
1 3 1 6 0
1 3 1 6 4 0
1 3 1 7 0
1 3 1 8 7 0
1 3 2 0
10 3 2 1 0
1 3 2 1 4 5 6 7 8 0
2 3 2 1 6 0
1 3 2 1 8 0
11 3 2 4 0
1 3 2 4 1 7 6 5 8 0
3 3 2 4 5 0
1 3 2 4 5 1 0
1 3 2 4 5 1 6 7 8 0
4 3 2 5 0
2 3 2 6 0
1 3 2 6 5 8 1 4 7 0
2 3 2 7 0
274 3 4 0
40 3 4 1 0
4 3 4 1 2 0
3 3 4 1 2 5 0
4 3 4 1 2 5 6 7 8 0
2 3 4 1 2 5 8 6 7 0
1 3 4 1 2 5 8 7 6 0
1 3 4 1 2 6 7 5 8 0
1 3 4 1 2 7 6 5 8 0
5 3 4 1 5 0
4 3 4 1 5 2 0
5 3 4 1 5 2 6 7 8 0
1 3 4 1 5 2 8 7 6 0
2 3 4 1 5 6 7 0
2 3 4 1 5 6 7 2 8 0
2 3 4 1 5 7 0
1 3 4 1 6 0
1 3 4 1 6 7 5 2 8 0
1 3 4 1 6 7 8 5 2 0
2 3 4 1 7 0
1 3 4 1 7 5 8 2 6 0
1 3 4 1 7 6 5 2 8 0
1 3 4 1 8 0
1 3 4 1 8 2 5 6 7 0
57 3 4 2 0
3 3 4 2 1 0
2 3 4 2 1 5 0
6 3 4 2 1 5 6 7 8 0
1 3 4 2 1 5 6 8 7 0
2 3 4 2 1 5 7 6 8 0
1 3 4 2 1 5 8 0
2 3 4 2 1 5 8 6 7 0
2 3 4 2 1 6 7 5 8 0
1 3 4 2 1 8 5 6 7 0
6 3 4 2 5 0
1 3 4 2 5 1 0
2 3 4 2 5 1 6 7 8 0
1 3 4 2 5 1 7 0
1 3 4 2 5 6 1 7 8 0
3 3 4 2 5 6 7 1 8 0
1 3 4 2 5 7 1 0
1 3 4 2 5 7 6 1 8 0
1 3 4 2 6 5 0
3 3 4 2 6 7 0
1 3 4 2 6 7 5 1 8 0
2 3 4 2 7 0
1 3 4 2 7 5 1 6 8 0
1 3 4 2 7 5 6 1 8 0
1 3 4 2 8 1 6 7 5 0
1 3 4 2 8 6 7 1 5 0
257 3 4 5 0
16 3 4 5 1 0
7 3 4 5 1 2 0
1 3 4 5 1 2 6 7 0
21 3 4 5 1 2 6 7 8 0
1 3 4 5 1 2 7 0
1 3 4 5 1 2 7 6 8 0
1 3 4 5 1 2 8 0
1 3 4 5 1 2 8 6 7 0
2 3 4 5 1 6 7 0
2 3 4 5 1 6 7 2 0
8 3 4 5 1 6 7 2 8 0
1 3 4 5 1 6 7 8 0
2 3 4 5 1 6 7 8 2 0
3 3 4 5 1 7 2 6 8 0
4 3 4 5 1 7 6 2 8 0
1 3 4 5 1 8 7 6 2 0
9 3 4 5 2 0
6 3 4 5 2 1 0
11 3 4 5 2 1 6 7 8 0
1 3 4 5 2 1 7 0
3 3 4 5 2 1 7 6 0
2 3 4 5 2 1 7 6 8 0
1 3 4 5 2 1 7 8 6 0
1 3 4 5 2 1 8 0
1 3 4 5 2 6 0
2 3 4 5 2 6 1 7 8 0
1 3 4 5 2 6 7 0
1 3 4 5 2 6 7 1 0
10 3 4 5 2 6 7 1 8 0
1 3 4 5 2 7 0
1 3 4 5 2 7 1 0
6 3 4 5 6 0
2 3 4 5 6 1 0
2 3 4 5 6 1 7 8 2 0
1 3 4 5 6 1 8 7 2 0
1 3 4 5 6 2 1 0
7 3 4 5 6 7 0
1 3 4 5 6 7 1 0
2 3 4 5 6 7 1 2 0
40 3 4 5 6 7 1 2 8 0
8 3 4 5 6 7 1 8 2 0
1 3 4 5 6 7 2 0
10 3 4 5 6 7 2 1 8 0
2 3 4 5 6 7 8 1 2 0
18 3 4 5 7 0
2 3 4 5 7 1 0
1 3 4 5 7 1 2 0
1 3 4 5 7 1 2 6 0
6 3 4 5 7 1 2 6 8 0
2 3 4 5 7 1 2 8 6 0
1 3 4 5 7 1 6 0
4 3 4 5 7 1 6 2 8 0
1 3 4 5 7 2 1 0
8 3 4 5 7 2 1 6 8 0
4 3 4 5 7 2 1 8 6 0
6 3 4 5 7 6 0
1 3 4 5 7 6 1 0
16 3 4 5 7 6 1 2 8 0
5 3 4 5 7 6 1 8 2 0
1 3 4 5 7 6 2 0
1 3 4 5 7 6 2 1 0
5 3 4 5 7 6 2 1 8 0
1 3 4 5 7 6 2 8 0
1 3 4 5 7 6 8 1 2 0
2 3 4 5 8 0
28 3 4 6 0
2 3 4 6 1 0
3 3 4 6 2 0
1 3 4 6 2 1 5 7 8 0
2 3 4 6 5 0
1 3 4 6 5 1 7 0
1 3 4 6 5 1 8 2 7 0
1 3 4 6 5 7 0
2 3 4 6 5 7 1 2 8 0
1 3 4 6 5 7 2 1 0
9 3 4 6 7 0
2 3 4 6 7 1 0
1 3 4 6 7 1 5 2 8 0
1 3 4 6 7 1 5 8 2 0
1 3 4 6 7 2 5 1 8 0
3 3 4 6 7 5 0
1 3 4 6 7 5 1 0
2 3 4 6 7 5 1 2 8 0
2 3 4 6 7 5 1 8 2 0
2 3 4 6 7 5 2 1 8 0
2 3 4 6 7 5 8 1 2 0
1 3 4 6 8 1 5 7 2 0
1 3 4 6 8 7 5 2 1 0
95 3 4 7 0
2 3 4 7 1 0
1 3 4 7 1 2 5 8 6 0
1 3 4 7 1 5 6 0
1 3 4 7 1 5 6 2 8 0
1 3 4 7 1 5 6 8 2 0
1 3 4 7 2 0
1 3 4 7 2 5 0
1 3 4 7 2 5 1 6 0
2 3 4 7 2 6 0
9 3 4 7 5 0
1 3 4 7 5 1 0
1 3 4 7 5 1 2 6 8 0
1 3 4 7 5 1 6 2 8 0
1 3 4 7 5 1 6 8 2 0
1 3 4 7 5 2 1 6 8 0
2 3 4 7 5 6 0
5 3 4 7 5 6 1 2 8 0
1 3 4 7 5 6 1 8 2 0
1 3 4 7 5 8 1 0
7 3 4 7 6 0
1 3 4 7 6 1 5 0
1 3 4 7 6 1 8 2 0
1 3 4 7 6 2 0
5 3 4 7 6 5 0
2 3 4 7 6 5 1 8 2 0
1 3 4 7 6 8 5 1 2 0
8 3 4 8 0
1 3 4 8 1 2 5 6 7 0
1 3 4 8 1 6 7 5 2 0
1 3 4 8 2 0
1 3 4 8 2 7 1 6 5 0
1 3 4 8 5 0
3 3 4 8 6 0
5 3 5 0
2 3 5 1 0
2 3 5 1 2 0
1 3 5 1 2 4 6 7 8 0
1 3 5 1 2 6 0
1 3 5 1 4 0
1 3 5 1 6 0
3 3 5 2 0
1 3 5 2 4 1 6 8 7 0
9 3 5 4 0
1 3 5 4 1 0
1 3 5 4 1 2 0
1 3 5 4 1 2 7 8 6 0
1 3 5 4 1 6 7 2 8 0
1 3 5 4 2 0
1 3 5 4 2 1 6 7 0
1 3 5 4 2 6 7 1 8 0
1 3 5 4 6 1 8 7 2 0
2 3 5 4 6 7 0
1 3 5 4 6 7 1 8 2 0
1 3 5 4 6 7 2 1 8 0
1 3 5 4 7 0
1 3 5 4 7 1 6 8 2 0
1 3 5 4 7 6 1 2 8 0
3 3 5 6 0
1 3 5 6 1 4 2 8 7 0
1 3 5 6 7 1 4 0
4 3 5 7 0
1 3 5 7 4 6 1 2 8 0
1 3 5 8 0
5 3 6 0
1 3 6 1 4 5 7 8 2 0
1 3 6 2 0
4 3 6 4 0
1 3 6 4 5 1 2 7 8 0
2 3 6 4 7 0
1 3 6 4 8 0
1 3 6 4 8 2 1 5 7 0
2 3 6 4 8 5 1 7 2 0
2 3 6 5 0
8 3 6 7 0
1 3 6 7 4 0
1 3 6 7 4 5 2 1 8 0
2 3 6 8 0
1 3 6 8 7 5 4 1 2 0
7 3 7 0
1 3 7 1 0
2 3 7 2 0
6 3 7 4 0
1 3 7 4 1 2 5 6 8 0
1 3 7 4 5 0
1 3 7 4 5 1 6 2 8 0
2 3 7 4 5 1 6 8 2 0
1 3 7 4 5 1 8 6 2 0
1 3 7 4 6 5 0
4 3 7 5 0
1 3 7 5 1 6 8 2 0
1 3 7 5 4 6 1 0
1 3 7 5 4 6 1 2 8 0
2 3 7 6 0
1 3 7 8 4 0
4 3 8 0
3 3 8 1 0
1 3 8 4 0
1 3 8 6 0
1 3 8 6 2 0
13 4 0
1 4 1 0
1 4 1 2 0
2 4 1 3 0
1 4 1 3 6 7 0
1 4 1 3 6 8 7 5 2 0
1 4 1 8 3 2 0
1 4 2 0
1 4 2 1 0
1 4 2 1 3 5 7 8 6 0
1 4 2 3 0
1 4 2 3 1 8 5 6 7 0
2 4 2 3 5 0
2 4 2 5 0
114 4 3 0
17 4 3 1 0
1 4 3 1 2 0
1 4 3 1 2 5 6 0
1 4 3 1 2 5 6 7 8 0
1 4 3 1 5 0
1 4 3 1 5 2 0
1 4 3 1 5 2 7 8 6 0
1 4 3 1 5 6 2 7 8 0
1 4 3 1 5 6 7 2 8 0
1 4 3 1 5 7 2 6 8 0
1 4 3 1 5 8 6 7 0
1 4 3 1 6 0
1 4 3 1 6 7 5 8 2 0
1 4 3 1 7 0
1 4 3 1 8 0
25 4 3 2 0
1 4 3 2 1 0
1 4 3 2 1 5 0
1 4 3 2 1 5 6 7 0
2 4 3 2 1 5 6 7 8 0
1 4 3 2 1 5 8 6 7 0
1 4 3 2 1 7 0
1 4 3 2 1 7 5 6 8 0
3 4 3 2 5 0
3 4 3 2 5 1 0
5 4 3 2 5 1 6 7 8 0
1 4 3 2 5 1 7 6 0
1 4 3 2 5 1 7 6 8 0
1 4 3 2 5 1 8 0
1 4 3 2 5 6 7 1 0
2 4 3 2 5 6 7 1 8 0
2 4 3 2 7 0
1 4 3 2 7 6 5 8 1 0
81 4 3 5 0
2 4 3 5 1 0
1 4 3 5 1 2 6 7 0
3 4 3 5 1 2 6 7 8 0
3 4 3 5 1 2 7 6 8 0
1 4 3 5 1 2 7 8 6 0
1 4 3 5 1 2 8 0
1 4 3 5 1 2 8 6 7 0
2 4 3 5 1 6 7 2 8 0
1 4 3 5 1 7 6 0
1 4 3 5 1 7 6 2 8 0
2 4 3 5 2 0
2 4 3 5 2 1 6 7 8 0
1 4 3 5 2 1 7 6 8 0
1 4 3 5 2 1 8 7 6 0
1 4 3 5 2 6 7 1 8 0
1 4 3 5 2 6 7 8 1 0
1 4 3 5 2 7 6 0
1 4 3 5 6 0
1 4 3 5 6 1 0
1 4 3 5 6 1 2 7 8 0
1 4 3 5 6 1 7 2 8 0
1 4 3 5 6 2 7 1 8 0
5 4 3 5 6 7 0
14 4 3 5 6 7 1 2 8 0
1 4 3 5 6 7 2 0
4 4 3 5 6 7 2 1 8 0
2 4 3 5 7 0
2 4 3 5 7 1 0
1 4 3 5 7 1 2 6 0
6 4 3 5 7 1 2 6 8 0
1 4 3 5 7 2 1 6 8 0
3 4 3 5 7 6 0
1 4 3 5 7 6 1 2 0
1 4 3 5 7 6 1 2 8 0
1 4 3 5 7 6 1 8 2 0
2 4 3 5 7 6 2 1 8 0
1 4 3 5 8 0
1 4 3 5 8 6 7 0
7 4 3 6 0
1 4 3 6 1 5 7 8 2 0
2 4 3 6 7 0
1 4 3 6 7 1 5 2 8 0
1 4 3 6 7 1 5 8 2 0
1 4 3 6 7 2 5 1 8 0
1 4 3 6 7 5 1 2 0
2 4 3 6 7 5 1 2 8 0
1 4 3 6 8 1 5 7 2 0
33 4 3 7 0
2 4 3 7 1 0
1 4 3 7 2 1 0
1 4 3 7 2 1 5 0
1 4 3 7 2 1 5 6 8 0
1 4 3 7 2 5 1 6 0
4 4 3 7 5 0
2 4 3 7 5 1 0
2 4 3 7 5 1 2 8 6 0
1 4 3 7 5 2 1 8 6 0
1 4 3 7 5 6 1 2 0
1 4 3 7 5 6 8 1 2 0
3 4 3 7 6 0
2 4 3 7 6 5 0
1 4 3 7 6 5 1 2 0
1 4 3 7 6 5 1 2 8 0
1 4 3 7 6 5 8 1 2 0
1 4 3 7 6 8 1 5 2 0
1 4 3 7 8 1 2 0
2 4 3 8 0
1 4 3 8 6 0
1 4 3 8 7 0
1 4 5 0
1 4 5 1 2 3 6 7 8 0
1 4 5 2 0
1 4 5 2 3 1 6 7 8 0
6 4 5 3 0
1 4 5 3 2 0
1 4 5 3 2 1 0
1 4 5 3 2 7 1 8 6 0
1 4 5 3 7 0
1 4 5 6 0
1 4 5 7 0
1 4 5 7 3 0
1 4 6 0
2 4 6 3 0
1 4 6 3 2 0
3 4 7 0
1 4 7 1 0
1 4 7 2 0
4 4 7 3 0
1 4 7 3 2 1 0
1 4 7 3 5 6 0
1 4 7 5 0
1 4 7 6 0
1 4 7 6 3 0
2 4 8 0
1 4 8 2 0
1 4 8 5 0
1 4 8 7 5 0
19 5 0
6 5 1 0
4 5 1 2 0
1 5 1 2 3 4 0
1 5 1 2 4 3 0
1 5 1 2 6 7 0
1 5 1 2 7 6 4 3 8 0
4 5 1 3 0
1 5 1 3 2 4 7 6 8 0
1 5 1 3 2 7 4 6 8 0
1 5 1 3 4 0
1 5 1 3 4 2 0
1 5 1 3 4 2 6 7 8 0
1 5 1 3 4 2 8 0
1 5 1 3 7 6 4 2 8 0
1 5 1 4 2 3 6 7 8 0
1 5 1 6 2 0
1 5 1 6 4 0
2 5 1 6 7 0
1 5 1 6 7 3 4 2 8 0
1 5 1 6 7 4 3 8 2 0
4 5 1 7 0
1 5 1 7 6 0
2 5 1 8 0
1 5 1 8 4 3 2 0
1 5 1 8 6 7 0
1 5 1 8 7 6 0
7 5 2 0
6 5 2 1 0
1 5 2 1 3 0
1 5 2 1 3 4 6 7 8 0
1 5 2 1 6 7 8 0
1 5 2 1 7 6 8 3 4 0
1 5 2 1 8 7 6 4 3 0
2 5 2 3 0
1 5 2 3 1 4 6 7 8 0
2 5 2 3 4 0
1 5 2 3 4 1 0
1 5 2 4 3 1 0
1 5 2 4 3 6 7 0
1 5 2 4 7 0
1 5 2 6 7 4 3 8 1 0
1 5 2 7 3 4 1 6 8 0
1 5 2 8 1 6 7 0
6 5 3 0
8 5 3 1 0
1 5 3 1 2 0
1 5 3 1 4 6 7 2 8 0
1 5 3 2 0
1 5 3 2 1 4 8 6 7 0
1 5 3 2 4 0
22 5 3 4 0
2 5 3 4 1 0
3 5 3 4 1 2 0
2 5 3 4 1 2 6 7 8 0
1 5 3 4 1 2 7 6 0
1 5 3 4 1 7 6 2 8 0
1 5 3 4 2 0
3 5 3 4 2 1 0
3 5 3 4 2 1 6 7 8 0
1 5 3 4 2 1 7 6 8 0
1 5 3 4 2 6 0
1 5 3 4 2 6 1 7 8 0
1 5 3 4 2 7 6 1 0
1 5 3 4 6 0
1 5 3 4 6 7 1 2 0
1 5 3 4 6 7 1 2 8 0
2 5 3 4 7 0
2 5 3 4 7 1 2 6 8 0
1 5 3 4 7 2 1 6 8 0
2 5 3 4 7 6 1 2 8 0
3 5 3 6 0
1 5 3 6 1 7 2 0
1 5 3 6 2 7 1 4 8 0
1 5 3 7 0
3 5 4 1 0
1 5 4 1 2 0
1 5 4 1 3 6 7 0
1 5 4 2 0
1 5 4 2 3 7 6 1 8 0
11 5 4 3 0
1 5 4 3 1 0
1 5 4 3 1 2 0
1 5 4 3 1 2 7 6 8 0
1 5 4 3 1 6 7 2 8 0
2 5 4 3 2 0
1 5 4 3 2 1 0
1 5 4 3 2 1 6 7 8 0
1 5 4 3 2 8 0
1 5 4 3 6 0
2 5 4 3 6 7 0
1 5 4 3 6 7 1 2 8 0
2 5 4 3 7 0
1 5 4 3 7 1 2 6 8 0
1 5 4 3 7 6 1 2 8 0
1 5 4 6 0
1 5 4 7 1 0
1 5 4 7 2 3 1 0
2 5 6 0
1 5 6 3 8 7 0
7 5 6 7 0
1 5 6 7 1 2 3 4 8 0
1 5 6 7 2 3 1 4 0
1 5 6 7 2 3 4 1 8 0
1 5 6 7 8 4 3 1 2 0
1 5 6 7 8 4 3 2 1 0
1 5 6 8 7 0
6 5 7 0
2 5 7 1 0
1 5 7 1 3 6 4 0
1 5 7 1 8 0
1 5 7 2 0
1 5 7 2 3 4 0
1 5 7 2 3 4 1 6 8 0
6 5 7 3 0
2 5 7 3 4 0
1 5 7 3 4 1 0
1 5 7 3 4 2 1 6 8 0
1 5 7 4 0
1 5 7 4 3 6 1 8 2 0
2 5 7 6 0
2 5 7 6 3 4 0
1 5 7 6 8 0
1 5 8 0
1 5 8 1 0
1 5 8 1 3 6 7 2 4 0
1 5 8 4 3 2 1 6 7 0
1 5 8 6 1 7 0
2 5 8 7 0
41 6 0
10 6 1 0
7 6 1 2 0
1 6 1 2 5 8 7 3 4 0
1 6 1 2 8 0
1 6 1 2 8 7 0
1 6 1 4 3 0
4 6 1 5 0
5 6 1 7 0
1 6 1 7 2 5 0
1 6 1 7 8 0
8 6 1 8 0
1 6 1 8 2 7 0
1 6 1 8 5 7 0
1 6 1 8 7 5 2 3 4 0
2 6 2 0
3 6 2 1 0
1 6 2 1 3 4 5 0
1 6 2 1 7 5 3 4 8 0
1 6 2 1 7 8 0
1 6 2 1 8 0
3 6 2 3 0
1 6 2 5 7 1 8 0
2 6 2 7 0
1 6 2 7 8 0
2 6 2 8 0
4 6 3 0
5 6 3 1 0
2 6 3 2 0
1 6 3 2 4 5 0
4 6 3 4 0
1 6 3 4 1 5 2 0
1 6 3 4 2 0
1 6 3 4 2 7 5 1 8 0
1 6 3 4 5 1 8 7 2 0
1 6 3 4 5 7 0
1 6 3 4 5 7 8 0
1 6 3 4 7 0
1 6 3 4 7 2 5 0
1 6 3 4 8 0
1 6 3 4 8 1 0
1 6 3 5 0
1 6 3 5 4 7 1 8 2 0
2 6 3 7 0
1 6 3 7 4 0
1 6 3 7 4 2 0
1 6 4 1 0
2 6 4 3 0
1 6 4 3 1 7 0
1 6 4 3 2 1 5 7 8 0
1 6 4 5 0
2 6 4 7 0
5 6 5 0
4 6 5 1 0
1 6 5 1 3 4 0
1 6 5 1 3 4 2 0
1 6 5 2 0
1 6 5 3 2 0
1 6 5 3 7 0
1 6 5 4 0
2 6 5 7 0
1 6 5 7 4 1 0
1 6 5 7 8 0
41 6 7 0
20 6 7 1 0
1 6 7 1 2 5 0
1 6 7 1 2 8 5 4 3 0
1 6 7 1 3 5 0
2 6 7 1 5 0
1 6 7 1 5 2 0
1 6 7 1 5 2 4 8 3 0
1 6 7 1 5 8 2 3 4 0
4 6 7 1 8 0
1 6 7 1 8 2 5 3 4 0
6 6 7 2 0
1 6 7 2 1 0
1 6 7 2 1 3 4 5 8 0
1 6 7 2 1 5 0
1 6 7 2 5 0
1 6 7 2 8 0
1 6 7 2 8 1 0
6 6 7 3 0
2 6 7 3 1 0
1 6 7 3 4 1 2 5 8 0
1 6 7 3 4 1 5 0
1 6 7 3 4 1 8 5 2 0
1 6 7 3 4 8 5 1 2 0
1 6 7 3 5 0
1 6 7 3 8 0
4 6 7 4 0
10 6 7 5 0
3 6 7 5 1 0
1 6 7 5 2 8 1 3 4 0
1 6 7 5 3 4 1 2 8 0
35 6 7 8 0
11 6 7 8 1 0
2 6 7 8 1 2 0
1 6 7 8 1 2 3 5 4 0
2 6 7 8 1 2 5 3 4 0
1 6 7 8 1 5 4 3 2 0
1 6 7 8 2 1 0
1 6 7 8 2 1 5 0
1 6 7 8 2 1 5 3 4 0
1 6 7 8 3 0
1 6 7 8 3 2 0
1 6 7 8 3 4 0
1 6 7 8 5 1 2 3 4 0
1 6 7 8 5 1 3 4 2 0
1 6 7 8 5 2 1 3 4 0
17 6 8 0
10 6 8 1 0
2 6 8 1 2 0
1 6 8 1 2 7 0
1 6 8 1 5 7 3 4 2 0
5 6 8 1 7 0
3 6 8 2 0
1 6 8 2 1 0
1 6 8 2 1 5 7 0
1 6 8 2 1 7 0
2 6 8 2 1 7 5 3 4 0
1 6 8 3 0
1 6 8 4 0
1 6 8 4 3 1 2 5 7 0
2 6 8 5 0
1 6 8 5 4 3 1 2 7 0
21 6 8 7 0
1 6 8 7 1 0
1 6 8 7 1 2 5 3 4 0
1 6 8 7 1 3 4 2 5 0
148 7 0
19 7 1 0
3 7 1 2 0
3 7 1 3 0
1 7 1 3 2 4 0
1 7 1 3 4 0
1 7 1 3 4 6 8 5 2 0
1 7 1 3 5 0
1 7 1 3 8 0
6 7 1 5 0
2 7 1 5 2 0
1 7 1 5 3 0
15 7 1 6 0
1 7 1 6 3 8 0
1 7 1 6 5 3 4 0
1 7 1 6 5 8 0
4 7 1 6 8 0
1 7 1 6 8 2 0
1 7 1 6 8 3 0
17 7 1 8 0
2 7 1 8 2 0
1 7 1 8 3 4 5 2 6 0
4 7 1 8 6 0
3 7 1 8 6 5 4 3 2 0
7 7 2 0
1 7 2 1 0
1 7 2 1 5 8 6 3 4 0
2 7 2 1 6 0
1 7 2 1 6 5 4 3 8 0
1 7 2 1 8 0
1 7 2 1 8 6 0
3 7 2 3 0
1 7 2 4 3 5 0
2 7 2 5 0
3 7 2 6 0
1 7 2 6 3 4 5 1 8 0
1 7 2 6 5 1 3 4 8 0
1 7 2 6 8 0
1 7 2 6 8 5 1 4 3 0
9 7 3 0
2 7 3 1 0
1 7 3 2 0
39 7 3 4 0
1 7 3 4 1 2 0
1 7 3 4 1 5 0
1 7 3 4 1 5 6 8 2 0
2 7 3 4 2 0
3 7 3 4 5 0
1 7 3 4 5 1 0
1 7 3 4 5 1 6 8 2 0
1 7 3 4 5 1 8 2 0
1 7 3 4 5 6 0
1 7 3 4 5 6 1 2 8 0
2 7 3 4 5 6 1 8 2 0
2 7 3 4 6 0
1 7 3 4 6 5 1 0
1 7 3 4 6 5 1 8 2 0
1 7 3 4 8 0
1 7 3 4 8 5 1 6 2 0
1 7 3 4 8 6 1 2 5 0
4 7 3 5 0
1 7 3 5 1 0
1 7 3 5 1 4 6 8 2 0
1 7 3 5 1 6 8 4 2 0
1 7 3 5 4 1 0
1 7 3 5 4 2 1 0
1 7 3 6 0
1 7 3 6 1 4 0
1 7 3 6 1 8 5 4 2 0
1 7 3 6 4 5 1 8 2 0
2 7 3 6 4 5 8 1 2 0
1 7 3 6 5 0
4 7 3 8 0
2 7 4 0
4 7 4 1 0
1 7 4 1 3 6 5 8 2 0
1 7 4 1 5 3 6 8 2 0
1 7 4 2 0
18 7 4 3 0
1 7 4 3 1 0
1 7 4 3 1 2 5 6 0
2 7 4 3 5 0
1 7 4 3 5 1 6 8 2 0
1 7 4 3 5 2 1 6 8 0
1 7 4 3 5 6 1 8 2 0
1 7 4 3 5 6 2 1 8 0
1 7 4 3 5 6 8 1 2 0
1 7 4 3 6 5 0
1 7 4 3 6 5 1 0
1 7 4 3 6 5 8 1 2 0
4 7 4 5 0
1 7 4 5 3 1 6 8 2 0
1 7 4 5 6 3 1 0
1 7 4 6 0
1 7 4 6 3 1 5 8 2 0
1 7 4 6 5 3 2 1 8 0
1 7 4 8 1 0
7 7 5 0
4 7 5 1 0
1 7 5 1 3 4 2 6 8 0
1 7 5 1 6 0
1 7 5 1 6 2 0
1 7 5 1 8 0
1 7 5 2 0
7 7 5 3 0
1 7 5 3 4 0
1 7 5 3 4 2 1 6 8 0
1 7 5 4 0
1 7 5 4 2 0
3 7 5 4 3 0
4 7 5 6 0
1 7 5 6 1 0
1 7 5 6 4 3 0
2 7 5 8 0
68 7 6 0
28 7 6 1 0
1 7 6 1 2 5 3 4 8 0
2 7 6 1 3 0
2 7 6 1 3 4 5 8 2 0
2 7 6 1 4 3 5 8 2 0
2 7 6 1 5 0
1 7 6 1 5 2 8 3 4 0
1 7 6 1 5 3 4 8 2 0
1 7 6 1 5 4 3 8 2 0
1 7 6 1 5 8 0
3 7 6 1 8 0
1 7 6 1 8 2 4 5 3 0
1 7 6 1 8 3 4 5 2 0
1 7 6 1 8 5 0
6 7 6 2 0
1 7 6 2 1 0
1 7 6 2 1 3 4 5 8 0
1 7 6 2 1 5 0
1 7 6 2 1 5 3 4 8 0
1 7 6 2 1 8 3 4 5 0
1 7 6 2 5 1 0
1 7 6 2 8 5 1 4 3 0
8 7 6 3 0
2 7 6 3 1 0
3 7 6 3 4 0
1 7 6 3 4 1 5 8 2 0
1 7 6 3 4 5 0
2 7 6 3 4 5 1 8 2 0
1 7 6 3 4 5 2 1 8 0
5 7 6 4 0
2 7 6 4 3 0
1 7 6 4 5 3 1 8 2 0
1 7 6 4 5 3 2 1 8 0
21 7 6 5 0
7 7 6 5 1 0
1 7 6 5 1 2 0
1 7 6 5 1 2 8 4 3 0
1 7 6 5 1 3 2 8 4 0
1 7 6 5 1 8 4 3 2 0
1 7 6 5 2 0
2 7 6 5 3 0
1 7 6 5 3 1 0
1 7 6 5 3 4 0
1 7 6 5 4 3 0
1 7 6 5 4 3 1 2 8 0
33 7 6 8 0
8 7 6 8 1 0
1 7 6 8 1 5 3 4 2 0
1 7 6 8 2 1 0
1 7 6 8 4 3 1 5 2 0
1 7 6 8 5 0
1 7 6 8 5 1 2 3 4 0
1 7 6 8 5 1 3 4 2 0
29 7 8 0
21 7 8 1 0
1 7 8 1 2 5 6 0
1 7 8 1 3 4 5 6 2 0
2 7 8 1 6 0
1 7 8 1 6 5 2 3 4 0
1 7 8 1 6 5 3 4 2 0
1 7 8 1 6 5 4 3 2 0
2 7 8 2 0
1 7 8 2 1 5 0
1 7 8 2 6 0
1 7 8 3 0
1 7 8 3 1 6 0
1 7 8 3 4 0
3 7 8 5 0
1 7 8 5 6 1 3 4 2 0
1 7 8 5 6 4 1 2 3 0
32 7 8 6 0
8 7 8 6 1 0
1 7 8 6 1 2 0
2 7 8 6 1 2 5 0
1 7 8 6 1 3 4 5 2 0
1 7 8 6 1 5 0
1 7 8 6 1 5 2 3 4 0
3 7 8 6 1 5 3 4 2 0
1 7 8 6 2 0
1 7 8 6 2 1 0
1 7 8 6 3 4 1 5 2 0
2 7 8 6 5 0
1 7 8 6 5 1 3 4 2 0
1 7 8 6 5 4 3 2 1 0
406 8 0
156 8 1 0
103 8 1 2 0
1 8 1 2 3 0
1 8 1 2 3 4 5 0
1 8 1 2 3 4 5 6 7 0
4 8 1 2 5 0
1 8 1 2 5 4 3 0
1 8 1 2 5 6 3 4 7 0
2 8 1 2 5 6 7 0
3 8 1 2 5 6 7 3 4 0
1 8 1 2 5 7 6 3 0
8 8 1 2 6 0
17 8 1 2 6 7 0
1 8 1 2 6 7 3 4 5 0
2 8 1 2 6 7 5 0
5 8 1 2 6 7 5 3 4 0
6 8 1 2 6 7 5 4 3 0
1 8 1 2 7 5 6 3 4 0
3 8 1 2 7 6 0
1 8 1 2 7 6 5 3 4 0
2 8 1 2 7 6 5 4 3 0
3 8 1 3 0
1 8 1 3 2 0
1 8 1 3 2 4 5 6 7 0
1 8 1 3 4 2 5 6 7 0
1 8 1 3 6 0
1 8 1 3 6 7 0
30 8 1 5 0
3 8 1 5 2 0
1 8 1 5 2 3 4 0
1 8 1 5 2 3 4 6 7 0
1 8 1 5 2 6 7 0
1 8 1 5 2 6 7 3 4 0
1 8 1 5 3 4 2 6 7 0
1 8 1 5 6 7 2 0
64 8 1 6 0
2 8 1 6 2 0
1 8 1 6 2 5 7 3 4 0
1 8 1 6 3 0
19 8 1 6 7 0
2 8 1 6 7 2 0
4 8 1 6 7 2 5 0
5 8 1 6 7 2 5 3 4 0
4 8 1 6 7 2 5 4 3 0
1 8 1 6 7 4 3 5 2 0
2 8 1 6 7 5 2 0
4 8 1 6 7 5 2 3 4 0
1 8 1 6 7 5 4 3 2 0
32 8 1 7 0
1 8 1 7 2 0
1 8 1 7 3 0
9 8 1 7 6 0
2 8 1 7 6 2 0
1 8 1 7 6 5 2 3 4 0
32 8 2 0
67 8 2 1 0
1 8 2 1 3 4 5 0
1 8 2 1 5 0
1 8 2 1 5 6 7 3 4 0
1 8 2 1 5 6 7 4 3 0
2 8 2 1 6 0
7 8 2 1 6 7 0
1 8 2 1 6 7 3 4 5 0
1 8 2 1 6 7 5 0
1 8 2 1 6 7 5 3 4 0
3 8 2 1 6 7 5 4 3 0
1 8 2 1 7 0
2 8 2 1 7 6 0
1 8 2 1 7 6 5 3 4 0
1 8 2 1 7 6 5 4 3 0
3 8 2 3 0
1 8 2 3 4 5 0
1 8 2 3 4 5 6 7 1 0
1 8 2 4 0
3 8 2 5 0
1 8 2 5 1 0
3 8 2 5 6 7 1 3 4 0
14 8 2 6 0
1 8 2 6 1 0
2 8 2 6 1 7 0
1 8 2 6 1 7 5 4 3 0
2 8 2 6 7 1 0
1 8 2 6 7 1 5 0
7 8 2 7 0
1 8 2 7 6 0
2 8 2 7 6 1 0
2 8 2 7 6 1 3 4 5 0
1 8 2 7 6 1 5 3 4 0
9 8 3 0
4 8 3 1 0
1 8 3 1 4 5 6 7 2 0
3 8 3 2 0
8 8 3 4 0
1 8 3 4 1 0
1 8 3 4 1 2 6 7 5 0
1 8 3 4 1 5 6 7 2 0
2 8 3 4 2 1 5 6 7 0
1 8 3 4 2 5 6 7 1 0
1 8 3 4 6 7 1 5 2 0
1 8 3 4 7 0
2 8 3 5 0
1 8 3 7 6 1 0
2 8 4 0
1 8 4 2 0
4 8 4 3 0
1 8 4 3 7 6 5 1 2 0
4 8 5 0
7 8 5 1 0
1 8 5 1 6 0
1 8 5 1 7 2 6 3 4 0
1 8 5 1 7 6 0
1 8 5 2 0
1 8 5 4 3 0
4 8 5 6 0
1 8 5 6 7 1 2 0
1 8 5 7 0
1 8 5 7 6 0
1 8 5 7 6 1 2 3 4 0
37 8 6 0
34 8 6 1 0
1 8 6 1 2 7 0
1 8 6 1 2 7 5 3 4 0
1 8 6 1 2 7 5 4 3 0
1 8 6 1 3 0
1 8 6 1 3 4 5 2 7 0
1 8 6 1 4 5 7 3 2 0
2 8 6 1 5 7 2 3 4 0
5 8 6 1 7 0
1 8 6 1 7 5 0
3 8 6 2 0
2 8 6 2 1 7 0
1 8 6 2 3 4 0
1 8 6 2 7 1 3 4 5 0
1 8 6 3 0
1 8 6 3 1 2 7 0
1 8 6 4 5 7 2 1 3 0
1 8 6 5 0
1 8 6 5 7 0
85 8 6 7 0
9 8 6 7 1 0
4 8 6 7 1 2 0
2 8 6 7 1 2 5 0
1 8 6 7 1 2 5 3 4 0
1 8 6 7 1 2 5 4 3 0
1 8 6 7 1 5 0
2 8 6 7 1 5 2 3 4 0
1 8 6 7 1 5 3 4 2 0
1 8 6 7 1 5 4 3 2 0
2 8 6 7 2 1 0
2 8 6 7 2 1 5 0
1 8 6 7 2 1 5 4 3 0
1 8 6 7 3 4 2 1 5 0
1 8 6 7 5 1 2 3 4 0
51 8 7 0
29 8 7 1 0
2 8 7 1 2 0
1 8 7 1 2 6 0
1 8 7 1 2 6 5 4 3 0
2 8 7 1 3 6 4 5 2 0
4 8 7 1 6 0
3 8 7 1 6 2 0
1 8 7 1 6 2 5 3 4 0
1 8 7 1 6 2 5 4 3 0
1 8 7 1 6 5 3 4 2 0
1 8 7 1 6 5 4 3 2 0
10 8 7 2 0
1 8 7 2 6 5 0
2 8 7 3 0
2 8 7 4 3 5 0
7 8 7 5 0
1 8 7 5 1 0
1 8 7 5 6 1 0
93 8 7 6 0
10 8 7 6 1 0
3 8 7 6 1 2 0
4 8 7 6 1 2 3 4 5 0
1 8 7 6 1 2 4 3 5 0
3 8 7 6 1 2 5 3 4 0
2 8 7 6 1 2 5 4 3 0
1 8 7 6 1 3 4 0
1 8 7 6 1 5 0
1 8 7 6 1 5 2 3 4 0
1 8 7 6 1 5 2 4 3 0
1 8 7 6 1 5 4 3 2 0
4 8 7 6 2 0
1 8 7 6 2 1 5 3 4 0
1 8 7 6 2 3 0
1 8 7 6 2 5 1 3 4 0
3 8 7 6 5 0
2 8 7 6 5 1 0
1 8 7 6 5 1 2 3 4 0
1 8 7 6 5 2 1 3 4 0
0
